4.84
7.00 6.23
7.14 7.30 4.75
6.92 7.30 6.25 5.02
7.66 8.34 8.59 8.30 3.19
7.01 7.47 7.11 7.27 8.31 6.47
6.68 7.53 6.52 6.42 10.21 6.77 5.42
5.81 7.49 6.76 6.35 7.53 7.63 7.44 4.20
7.73 8.08 6.84 8.06 9.25 7.73 7.81 7.73 6.06
7.08 7.66 7.60 8.34 9.02 7.86 8.28 8.03 8.22 5.53
6.70 7.92 7.66 7.11 7.68 7.41 7.42 8.04 8.08 5.47 4.00
6.71 6.61 6.85 6.94 8.54 6.65 6.68 6.75 7.57 8.07 7.22 5.49
7.96 7.83 7.42 8.19 8.74 8.54 8.09 8.19 9.67 7.39 6.99 8.22 6.65
7.89 8.13 8.18 9.53 8.88 8.59 8.22 8.14 8.15 7.22 6.64 8.84 8.46 5.69
6.76 7.93 7.99 7.30 8.25 8.08 7.82 7.17 7.49 7.24 6.64 7.48 8.80 8.80 5.65
5.61 6.89 6.45 5.68 8.24 6.95 6.61 6.30 7.02 7.22 6.42 6.62 7.46 8.29 6.78 4.60
6.20 6.82 6.38 6.47 7.48 7.04 6.82 6.73 7.99 7.09 6.21 6.34 7.31 7.73 6.65 5.50 4.95
9.04 9.40 8.63 9.75 11.97 8.30 7.92 7.15 9.67 7.71 6.84 9.48 7.18 6.91 10.36 7.58 7.56 4.97
7.53 8.40 7.01 7.17 10.61 7.33 7.52 7.50 6.76 7.38 6.63 7.34 7.86 5.96 8.10 7.33 6.81 6.55 4.68
5.91 7.40 7.22 7.12 8.11 7.46 7.32 7.29 7.53 5.68 5.76 6.67 7.17 7.12 7.54 6.82 6.16 7.79 7.24 4.76
6.47 7.81 6.74 6.45 9.45 8.54 7.47 6.14 8.74 8.20 7.05 6.69 9.78 9.80 6.57 6.27 6.70 8.70 6.98 7.09 0